0001100100000000010000010000101000000000010000000000000000000000
0100000000100000000000000000000000000000010000000000000000000000
0100000000100000000000000000000000000000010000000000000000000000
0100000000100000000000000000000000000000010000000000000000000000
0100000000100000000000000000000000110000000000000000000010000001





0100000000100000000000000000000000000000010000000000000000000000
0100000000100000000000000000000000000000010000000000000000000000
0100000000100000000000000000000000000000010000000000000000000000
0100000000100000000000000000000000000000010000000000000000000000
0100000000100000000000000000000000000000010000000000000000000000
0100000000100000000000000000000000000000010000000000000000000000
0100000000100000000000000000000000000000010000000000000000000000
0100000000100000000000000000000000000000010000000000000000000000